26213
15291
-51102
62142
20559
-40819
5383
3189
-1518
-20725
-23930
12278
-49416
6294
-18846
-48878
-13210
13392
-19692
20443
-22428
-24863
29984
-42558
-60924
-28468
12028
6320
-61589
30469
42691
17753
-29111
55590
15894
55448
-60101
-53595
-5363
2381
-21191
23836
-60213
-6607
-44742
-25930
8515
6048
51463
41952
-37510
-34966
-46912
56474
-13524
-54707
-46865
62505
4743
-55325
18102
-16567
26428
42120
-35849
-32550
33568
-31950
-33016
-46667
23561
9793
41169
16477
-60815
60427
54548
829
2474
42010
-32090
18093
-56957
-25873
-305
-6481
-16579
16830
-18848
41293
25505
52384
-39275
-22939
30503
-21994
8511
-10801
10056
39495
6532
-41255
-25584
-16300
39223
-33270
-30745
29770
31560
35729
7779
52599
-21050
14822
-37275
42646
61470
-725
-15396
-32249
-23433
-53891
-43866
1293
-12830
39766
43299
48811
-35035
-21517
13434
24626
1229
51851
-55674
-34420
-45420
-22419
59350
39269
-61561
3128
16996
-29482
-56922
43722
-50837
-59453
-21004
-2232
-38573
19564
-2994
-29310
-54015
37305
-53544
42413
22115
-35450
-53976
-28451
53176
382
-40601
50631
29962
-32892
-46659
25311
59507
-55091
-46433
12502
-20573
-39355
-18648
-18280
-45678
24349
32617
-20251
-30959
-34378
14440
-31845
56056
24896
-53433
14171
42575
-54280
38849
20879
10103
51377
7510
-23936
-45516
24851
54505
-60881
33760
-55929
4751
-61685
-31283
39232
-15965
-23832
-420
-47349
19917
21750
-28598
-29644
53905
-47413
48381
53601
30758
16084
52451
5606
-27037
-1447
-17889
44473
27746
-10276
-5548
18250
-7156
-35789
15451
50724
-44345
37297
25955
3691
-50536
-49336
9471
33381
25543
34003
56867
15448
50590
41247
-5823
6476
-17540
-17373
-62790
19423
34309
-16679
-105
-1945
37045
47476
-58567
-44983
-63185
20884
58870
-43530
-5820
20825
13290
7644
24618
-52110
-33846
-13840
35022
-40980
54737
21611
53396
-15086
-46785
-28145
20670
-56446
55278
-19892
-19996
-19699
42163
-57823
-47095
36725
-38805
-46280
-6391
-54807
-25809
51789
30018
51481
-15438
-20236
63371
14716
29925
34392
37736
20661
-18869
16260
58704
-12525
52116
15374
-15842
32522
48611
28162
-62048
26773
34340
-45143
-11374
48664
-27422
46235
57857
-102
34024
13004
-23493
-56286
45897
-24122
22430
11821
63399
-3835
-31518
-30341
-51576
-36815
10263
53669
31688
58422
11320
5427
11712
13272
-42672
-28820
21258
9955
-44157
46965
-7811
-61171
-17138
-48659
4962
23370
-40945
-13142
52377
45485
62680
40904
-33222
-43710
63692
-31668
-27396
9955
-52871
57422
-6495
22449
-1152
58346
-39151
20177
-34474
46108
-33869
-14631
29072
11449
-22673
-52066
26791
35418
35304
49846
-41724
12809
20460
-53916
-10288
40367
-33626
-10596
61828
-7893
52488
-55043
-14472
-28879
20535
37506
-34534
45385
-6318
-5008
27492
12942
33491
-7437
-39610
-53183
-6374
40310
46236
-45942
26156
57641
30867
-28256
-60276
-54292
-62761
-40773
-888
63068
4463
-23272
61154
43121
11849
17688
16626
41315
-928
63437
-38564
-37437
12378
58927
8256
25897
58873
55011
2207
30237
62199
-46509
23877
29065
-21636
16730
27902
-20397
29086
-47858
-21330
-41322
-7130
-24177
-62202
-59282
57512
18424
35163
-18288
6989
49728
8276
-44634
44654
-58340
34392
28655
49800
-27402
-5108
47998
-20782
-56103
13063
21582
13757
-33907
-62815
-32029
-17764
-31016
-9351
39106
8808
-7553
32954
-8552
64000
-6755
37160
6988
-21028
-29436
15483
-51246
-34647
-14125
41409
-48847
11602
-38571
63151
54821
-30673
1342
12402
36213
31436
2716
-59817
-50329
35701
-5167
52777
-30363
40409
10859
25085
40409
-59897
-12627
-16604
-27796
11067
62880
-15042
40420
-26117
-37633
55573
49485
-23075
54724
29434
10252
-7935
-33035
-17536
-40500
33681
-24223
-37700
-5490
34610
-48923
28147
11018
15065
-21640
-23445
19169
18863
23952
55373
-34071
11960
-34540
-57652
38972
-19044
51051
24456
21881
41774
-20981
-31867
-41033
-887
3726
-28403
-31207
43503
-2103
16433
3241
2103
-19421
-60612
-46832
12069
-20057
36337
-33069
57024
16838
-14011
-5888
46298
-18534
-30917
-36747
-31484
46669
38264
63419
-38313
-57604
-52485
24800
-749
-16888
46722
-32117
45009
-846
24253
-27759
32863
16770
-10591
-29940
49843
-49126
-9880
42866
20841
29238
-27022
-7732
-53297
6061
19521
-31651
-22142
-17087
-32233
3545
-10691
-20718
-46527
41690
15523
53325
-54428
-14339
-22393
22954
21902
63599
-24276
-52690
-30342
-38434
-48687
12907
57561
36154
-21856
-44333
-35579
-11152
14858
37072
21197
56716
-44016
42093
-14610
-1577
-42625
2863
-23888
26027
-7813
-25187
-52313
33795
61767
33589
33393
-37381
34028
56181
-11815
49341
5087
-29125
21495
47232
-9458
39045
-38792
-58601
12116
46405
62116
32101
24497
-16495
-33477
35001
39497
-4236
-2972
-43187
34577
-2156
43737
21472
-32567
2258
48092
54590
-5562
-38595
39931
52655
-3720
-13446
35886
39952
-38402
61094
45351
37715
32627
32595
-5056
-6877
-58772
14596
-46747
44726
-53641
3410
-62462
34065
-62747
45275
-8464
-42185
-16468
-35244
-51595
41971
-20709
41465
19754
28700
-35982
-8361
4651
-21255
-22139
-24869
-58412
-53513
-56275
532
-7261
-51046
-59744
-879
57680
-49385
-61470
48347
48680
-60216
29621
-23784
-38401
-50848
-5899
-36867
44252
37392
-59403
5
2092
-42256
44773
-57258
490
-41367
-28998
6078
-41751
-21272
59740
14989
-19189
63996
-49891
-25510
-49389
-58231
-41164
52420
62683
41586
-46236
-50590
43867
11866
-23456
24119
-14743
-18859
-50748
40478
2886
47155
36350
-60625
58917
-56649
-1418
-46834
-24792
-5679
21284
20019
-16554
24522
58509
-12814
30291
-57527
-24395
28973
37188
-6630
42384
17055
-58765
-45073
-33698
-20379
-10803
-20446
-54772
45212
-48163
45578
37716
-53246
42058
-27702
-36080
-46734
19748
38333
37285
-60807
-1146
20923
-9621
-34855
16525
19114
47247
-10287
-51517
25630
-57233
-57153
33686
-26931
-24403
-41117
5752
-15175
-59906
10719
-44469
30940
21473
61590
-60763
38522
-49145
12114
12854
41269
4437
-52293
-12680
47945
-34019
56975
3058
-50772
-17313
15541
38858
-21417
11517
-2327
4781
51115
9685
63662
-28061
2908
10380
-8529
-30153
-32148
-21811
-26916
-57627
-17827
38328
19227
-40559
-21236
20064
-109
-37292
50045
-7135
29767
63273
28681
-29564
27260
-56737
45954
-39068
1173
33068
34617
834
58136
-26476
-52786
-14394
7372
-31805
27795
33585
-36302
-54033
7912
36054
-41462
39805
-7883
11558
-61487
-32709
-59578
21409
-33437
33103
44974
46952
29495
26927
-56117
-33333
-14877
31629
31501
-20741
-58847
31844
17994
1654
53169
-29082
-39633
-47134
-29986
21409
42049
-18319
-2787
-40705
57239
-11145
-9414
61661
63393
10278
19892
44367
-6770
-14614
-3578
1113
16053
45546
-31258
-27317
-50067
-36976
57656
21056
17807
46824
55974
42174
52819
-48883
-418
30868
-14073
49925
54163
-20834
-25221
-30123
-34045
-36699
44155
49848
-56333
-26616
-28767
4089
27627
40416
-25237
49498
-50902
-11304
-62350
59883
-54248
19457
42707
54855
-13241
20654
59101
50342
-12479
-18972
25395
-33188
24194
53303
-10182
43278
-47397
-30027
29125
-39730
-3514
53488
28360
-39888
19032
-60878
62739
21259
-19052
-63612
17141
-20171
19845
-4153
-29317
-57396
-47499
-34216
46075
-6849
-59
7469
13093
-50737
-3229
-61090
56541
13375
-37988
10795
26774
22499
282
-19738
35740
-55558
-27486
34479
29701
17462
34867
-17159
61291
-20159
31818
-42898
-13555
37448
-23985
-42352
-33402
39956
18246
32820
53219
-59855
35731
34889
17520
61743
-18317
-30577
9370
35094
13685
-18890
43536
50199
-48412
-1635
-7211
39584
45206
-20792
-44576
13023
-10560
-5002
-24401
29455
5775
6198
-5460
-39980
-24983
-27113
-35834
63877
-56225
34815
50749
-21413
-59763
-3882
-50320
7052
30357
46345
-17621
45945
-19291
28298
10658
-48956
-56495
30082
17196
-3055
-49791
56796
-48471
19984
-11878
10069
44005
16268
46956
61300
16145
43861
32114
2893
-41553
25481
52140
-38743
-31468
18497
-56399
4040
-10430
-22560
-31663
-63773
-18387
-24157
19439
62809
25917
22777
44733
41446
-21240
-31146
-12486
-52107
49123
-29530
62322
-9604
-60541
30436
46418
-38094
-18955
34557
-12837
13577
-21818
-16106
-46384
20882
14463
-14046
10238
49205
14926
-34324
48013
-23158
41582
17875
-45712
-54529
50729
5802
-53507
24980
29401
-55185
-48625
32860
28380
61793
47896
-54576
21479
-39813
12130
52790
-2790
18875
9671
-63199
57958
-44091
50006
8883
-25286
34019
38855
-58575
-22978
57143
-49104
-36250
-11927
-38611
41860
-57397
-40667
57235
28592
51713
44157
12487
50266
-9236
25804
-1605
-20447
-40987
-46730
42354
-40185
-52773
51392
-54180
9240
-48766
32968
-15906
-43341
-54011
-33635
-28445
-37131
18438
-13926
-59272
14170
-1464
51092
-21238
-13751
31248
55249
-27486
-52860
17052
24039
-20177
29195
41309
-41824
53010
41665
62697
51959
-23967
-50070
10056
13256
-40281
9174
43621
-15597
25172
-12812
34477
29900
-62643
-30987
16992
-19881
8391
-26632
-39503
34034
-15491
30678
-5928
17461
-4128
-39491
39637
-25990
55304
27462
-48902
-32664
30521
14283
44593
54240
-40544
13342
-25357
48629
-63471
62249
3657
55017
-43610
-54223
-28865
28781
-16854
-15239
-1185
20784
-48561
46016
-25756
440
-57475
-60991
38451
50958
19600
42678
-45707
-13880
-7040
52015
-23640
16416
1357
15003
-9827
-8985
2380
57831
-17969
22771
-60393
6296
-12449
-24118
55057
39495
49795
-57505
10640
-50833
6936
6294
-58695
-29485
-6749
24905
-50808
11544
-52975
-4719
-11312
-23486
-52304
43174
44646
-9001
-29812
-16975
-15171
5349
-58205
-22435
-52356
-17524
6577
-61300
-52901
-7629
62326
21739
-5332
-5610
-35968
-27
28905
21283
-49993
31226
-42044
-49839
-37494
10644
-9325
-36669
-10183
-28680
18330
13134
18345
56288
-45518
13270
-41018
-33874
59746
18688
-42044
-57156
-63813
-43719
17713
-5145
14671
34874
47958
-31296
-7843
61965
63930
3242
-51875
-48436
-50115
2800
-31976
-7169
27249
39484
-58036
-18407
20900
-50424
47992
43882
-20298
43737
-12302
1658
39711
-12114
11068
-17448
46741
-38262
-46575
30698
-5558
-1289
28662
-16500
-62048
29916
-11807
-59034
-31285
20218
-2203
59964
-4299
-7109
-33314
-58271
6467
-49323
38741
39298
47544
-37562
-33915
12383
14324
41153
58935
-13806
-61109
-51641
-57980
-13538
200
34683
23092
2152
-10273
-52716
7119
22443
20631
58045
7535
-58540
-13065
27350
-52810
46531
42028
49931
10958
14700
-51632
41043
-36918
15822
18195
-41984
-61985
10215
-40496
-55965
60678
23704
31847
19769
-38144
-42426
20182
22104
33146
-23187
16148
-34191
-17727
56213
57160
-6537
27872
24316
-31478
-25171
-24985
-19109
-48129
2097
49842
23196
13242
40986
-30590
36746
38150
-44784
-14421
-4874
38985
564
5829
-4833
-41333
-35897
25109
27944
-6088
-56619
9285
-12929
845
-26843
-52614
33367
1115
-24470
-60614
16987
41627
42357
-23818
-20003
19342
-1279
-58128
-17379
17938
-8549
41747
-17949
45144
-16425
30347
56940
807
-8545
10012
58719
-1163
-44703
-29081
52811
-7546
-28566
11306
57569
10965
3822
-316
-22280
-17822
28995
21718
54650
-47155
16719
-26730
34783
-55831
-59855
-47167
42442
-23151
36310
35381
41656
-36236
-18608
36374
15730
-10182
-56708
4540
35401
-21273
-59025
18099
42821
8797
-46218
-43460
54975
35907
31387
34753
52752
-15895
61152
23534
-18597
-62704
29496
-40156
-21855
1805
48354
-55071
18699
-34254
34433
-29572
19564
30854
28098
-9035
-54420
33073
-54937
41530
-22131
-48026
62071
-42028
41010
29457
56726
29761
-61309
53877
-21577
-15906
44303
-56081
7939
-52424
-1147
-7708
-43494
-46449
11167
54939
-22891
-44140
10921
-58794
-46
9631
38279
-1854
-12840
-47853
3249
-25641
-36752
-19741
-60184
-54898
-53981
59637
62980
-11557
-20270
32411
-14509
51669
43987
37473
-30910
53622
44154
33386
33689
-42738
53246
-19390
-37532
-21672
54241
-63254
40474
-22600
-57978
-31148
15760
-30730
13111
8705
-21627
12259
4341
-33519
53831
37200
62892
-24679
24869
32007
-62077
47088
21629
46077
16473
-19554
-60662
-5152
25056
-45065
26305
4425
-44319
-8092
34955
-49168
24760
-13286
-26769
-26130
48548
15604
50129
-21983
35214
39960
-48784
23234
-59591
29214
-8759
59462
1430
-62002
41538
-56968
-17556
34005
1880
60630
52940
-46687
-9817
61750
9221
-38863
-51419
-30020
980
-14187
-3021
-14473
54546
-16892
16673
25760
-51804
21019
-25878
-58266
-13768
29363
-62804
51663
20490
31863
58695
56064
-9003
-14297
41822
-20064
3016
-31996
-33185
-62634
-6858
-20604
-28654
58122
18338
32326
-31222
8884
-59438
38580
-40228
-58113
-4402
-2106
-52379
45831
-36743
-62054
22622
36876
22939
6445
28939
-50065
45277
-4111
-17000
-26579
27894
13815
-25213
-42965
46341
-737
-59715
678
-32412
-37808
62691
-38721
-63228
-41538
-32834
-3630
20357
-32084
-32671
36743
-41008
53951
-1253
45931
-14476
-47185
48995
-33200
12704
-42877
-6649
-23403
24068
32138
-13239
6408
-32600
-19824
60215
-11883
6368
58906
13396
7140
-57504
44562
-60490
26853
-51522
-29161
-11276
-28530
-50081
51472
-57471
-557
-59714
55524
19373
16990
-62225
-51277
46717
25843
44861
-41394
-31750
-62610
2782
-46406
-10493
-54850
-62372
-61097
16290
-55876
36594
8929
24107
49072
43769
-51170
-54330
46817
53431
-58672
-28612
46846
60852
54761
-11035
62628
56613
-28319
13599
26603
-5713
34979
27993
61070
52573
-57372
59349
54201
-54469
11638
51454
35255
-43433
11560
9455
53465
13520
19126
25410
2950
24454
60798
-25075
10435
51559
27890
-1809
44171
63571
-52211
6773
-17014
46768
-40106
-30816
24469
-33477
-35468
3798
-34817
29300
-8748
-63563
38996
55941
9893
28460
5460
-45853
-21002
61540
31730
-24205
-38407
-21836
-36647
53483
29484
60654
53053
41274
-7445
-38833
13170
5579
-5648
-26361
36102
12013
30566
54414
-22688
-42183
54852
-47693
-61113
744
33896
-2524
8020
-51107
-15856
-24251
-22182
9737
7043
-5700
-781
-27474
-9047
-22600
-50201
36638
2568
16099
-21784
50049
42867
-60554
-1939
9432
57860
28503
20379
37840
44810
23266
-36288
3835
-43259
35732
5857
4886
-52519
47675
-49378
18524
-22025
2971
55050
22057
44371
57979
-16177
-17062
-794
15168
-41885
-21928
18614
20177
51504
1603
-15321
7882
-24558
-45383
-43724
-7716
11581
-22982
-35985
-46562
35033
-35375
54242
38784
36278
-42655
-22246
16457
43403
-41875
-436
-47646
-5808
62770
31523
16308
-23159
-24735
-38387
-46527
29997
10292
14485
58569
18038
34761
-13148
-34381
-63093
14867
-27814
35940
43493
-48444
10724
15770
-27098
52478
-42645
-58567
63732
20919
-42213
-16947
19688
42439
63361
49658
-46296
-39027
-60869
47701
24394
6745
42269
-21569
-22495
-45751
8050
-21587
33117
33365
-49648
1738
48922
14205
-57364
-42177
-8188
-36008
-36744
-8457
48911
-25828
38596
-6272
-47389
27085
-20615
-40556
41187
-28355
60274
1580
42390
27672
44012
-44105
45921
-22810
-12563
4166
-53445
-9082
-58097
59477
-58877
-62331
-57572
-3065
-34339
-41187
41607
-60300
-3015
5332
-2572
2725
-31584
40814
15298
-54397
-51542
701
11183
54849
-35628
-19677
63873
63422
10643
-12691
3588
21198
42227
-1380
5803
36479
289
12231
-30587
19079
24173
-63851
22780
-42843
5481
-43793
13012
37897
50150
-46562
36629
51738
18139
-27059
42586
35640
17264
31587
35062
-36094
-45105
-36222
38233
50251
15527
-30836
22730
-59055
45395
56143
24024
5567
45421
-17197
15854
-13099
-7860
-46006
-50073
-32582
-28568
50556
-44845
53572
-51375
50870
25211
29890
18456
-14599
46925
37351
2308
10287
23602
-46165
43451
-17669
-41220
13975
-36398
35933
-55330
-54977
-56135
24524
-14947
5
31647
-1020
20552
-60921
-25335
39708
45780
-12710
26577
-3881
-57692
-18967
45521
42363
-56488
-27043
-22222
31114
-20079
-42772
-61427
2701
24332
-44695
-36237
33003
-46543
-28372
-17345
2510
24762
-49698
54620
-18687
-46619
-45587
-42980
52290
-5168
36727
-15592
-9730
-46241
-44943
-42239
-38729
-7985
-461
45515
35936
9896
37217
-36234
-29772
56522
-8471
-60770
-54022
16286
-14115
1618
-22953
187
-18634
11489
6697
-221
32510
-5014
47740
5236
32524
-25991
12124
51581
-4230
26524
-20405
59309
8038
-59340
5205
-18745
-31574
39433
-37095
13084
31792
-37987
-34631
-46324
27631
-4455
6993
-55004
-56967
-50311
-2096
39543
-2195
-18357
-30093
-33672
8782
35160
-46092
-59449
-2316
-13367
52990
58851
-8707
-16677
-34766
12848
-52116
-7860
-38069
43676
18153
-19571
50481
-29088
39974
-6527
-20092
47007
7163
30941
11679
58097
-62288
34715
-39576
10494
5875
-32539
15046
56688
7223
-6836
51538
62516
40487
-58099
492
52371
-1959
26423
21175
-58678
59981
7655
-23766
35954
-62872
9271
8090
-2580
-34660
-44232
-19355
-32948
43612
-5802
41547
-14514
14788
-18279
-32698
-41989
38885
-56031
-54345
15371
-50130
10148
-7130
1040
-38301
-60827
6362
-42320
-43
35725
57634
-9786
-29876
-9148
51634
-536
10620
-42593
30516
-9768
15605
8062
28847
-33607
53783
49279
-11596
28667
57248
-12812
-30834
60247
61336
15165
-2714
-40965
18338
56777
-19285
-56576
17630
-36523
-2362
51754
18330
-25599
-12783
-45922
-4192
-57139
-2561
-52587
14924
-48585
-33065
-6165
-63307
8468
-41498
47070
59656
-19203
32445
56992
59963
-45141
-58845
3429
-52365
-25001
-18
18394
-8395
61621
-4724
-54066
-27979
35622
-46858
31829
42483
3710
32371
-6594
19125
52435
51242
8947
-3098
62873
-18855
-7442
-31202
-50411
-25322
-46111
-31552
-31038
10448
-30788
7961
-53571
51606
63566
-55951
-17119
62630
-19930
-45498
-59100
-62972
50115
8610
22528
-20480
-36265
10963
-44110
25811
60994
-56109
-57044
-21320
-23310
-43455
6487
-5421
-11006
39449
-58974
22206
-16591
-59415
-1059
-27896
-51366
34951
-40138
-18166
53454
-35238
-28009
39568
37372
58519
-55784
54236
-5390
-46764
16047
-8396
-38873
23003
34284
-9054
43548
-23229
49526
-42330
-58652
43681
43877
-11242
48266
-21183
13991
50030
-50233
37853
-32137
56350
-61386
3854
21046
39986
-12499
18392
30222
46112
35628
-28603
-26285
49884
58400
61128
-23170
27076
-36973
-48516
48747
-31624
48294
28623
10263
32560
60569
-39747
18589
63465
51235
39581
44944
53849
-31437
-8882
18963
20064
-54491
-25687
2175
34266
9710
29019
20150
-6762
26147
50109
-43686
53174
-62408
-58940
-53322
49886
22812
20941
7574
8509
34323
-48709
7973
21557
44001
-21955
534
-51437
33164
-55374
32628
42673
-17061
-29198
12939
45779
63822
-41783
-24984
25968
-55675
-4670
4270
-54083
-10481
4078
48932
-51670
-38982
-18365
9968
48471
-3074
-46059
-4844
-23073
-14885
48820
-10510
-45722
57446
-41883
50081
-23616
-17951
-981
-52709
-18130
10365
-13692
60967
18690
34767
-9635
17736
-39714
58443
2667
-38255
-55410
37431
35714
46190
-29643
42784
-22655
413
-36102
-37836
53903
-17823
-55262
-62851
-42614
-25748
-16802
9534
-14457
18197
-44102
35851
4292
38588
-4253
47786
-18548
20033
42229
37248
45778
39948
10679
6620
22137
45036
-14597
52611
-18552
13302
-60096
-39521
48608
-62229
-49243
-58007
-23977
-12916
15527
25567
58410
35425
-13454
-1299
-859
46293
-17513
44593
2325
-50156
6969
-26768
42921
-46353
43852
-9814
51812
-34745
-21204
-41612
31686
-28171
-17132
16293
-26399
-13246
11415
2753
37839
-37059
-35681
21377
51495
14866
-43922
-24236
-13713
-8306
-54515
52613
-5333
16454
-49027
-26413
34102
47954
27773
21913
-61663
59698
44302
34023
-43344
-47702
-24556
-5743
-7819
50859
61010
-33981
-61072
-49542
51397
43552
18453
60604
-55556
-59261
-22574
-46071
46481
36093
23513
61454
-54321
-17257
34537
37452
-59345
36874
33149
38086
-3974
53805
43513
35470
-26810
-28306
11458
-40671
-9158
3515
-37084
-32633
-16933
45369
-36030
-8489
50108
5396
-1430
32589
-22512
-41918
19171
-12833
4825
-10293
-50253
-1391
-48290
36026
-38176
11736
14959
-58664
-16795
41279
-22970
47792
-63393
21002
-12693
-47348
52369
23503
62021
-47661
-59858
37257
10864
2712
-5026
52353
13923
-60726
-35352
-56124
-17890
-32475
-4385
-2180
-60450
21439
-54445
18509
15904
-18110
-4213
56935
-34319
-14477
13936
6117
-8696
-8567
-34381
-10676
7772
-30238
-48290
-45364
36474
10684
60118
-24474
3087
-50106
-16598
49198
-29452
43017
-16983
-25902
-10416
-18298
45737
-58512
27592
-33348
51552
46402
5305
-9384
-11481
60609
46049
18138
-24938
-21050
51900
-9228
-13285
13503
54585
-28039
53029
-6328
-14145
-38441
-21131
20404
57706
15015
47631
-16711
60717
29367
-22094
24308
60020
-34543
6710
1324
9202
48358
-12939
-8749
2495
26123
23330
-9605
-47106
-53956
-60103
60609
-17995
46055
-20591
20989
-56387
22278
-22608
-62682
-26708
-49848
-26263
-29991
32648
15643
47446
17796
34230
-20716
-55752
-20569
-36359
-4690
23811
30137
-42568
-16860
-54340
-36544
-17687
-61314
-39936
28318
48741
3473
-14693
56354
-49121
15828
46802
-22700
19109
-43462
11309
-12243
36181
-16116
-58448
6410
27168
-50199
38971
54810
9111
-1219
10075
30543
35051
19735
47128
-46637
22421
-56809
34811
-3710
-207
-43883
-11357
3801
25074
-39427
45102
-19817
-18889
-18461
31940
-46708
29423
37492
12831
-7409
40422
-12199
-27471
-14468
39712
35733
-58796
10762
-19404
52332
17254
56146
48653
-11936
-11565
-26426
-2690
30207
41376
-41616
54781
22477
-8304
-28109
-59985
-51236
-21688
33439
39385
44273
-48842
15807
-31927
-23184
54468
-56216
-62323
59672
7675
-17727
37133
-39071
-25582
10914
12993
15982
48488
63433
-17812
25863
-53055
-37903
-26532
2641
-12882
-22516
15405
29430
-63949
-20082
9702
-59662
59725
30905
-29717
50193
27818
-28040
34993
-28507
7362
8125
-14449
45780
-55833
51673
-2239
56656
51105
33078
7647
62050
59176
45116
-10181
-28578
-52272
58353
-63149
-63092
-25729
-317
-58754
-30005
-44284
-35342
-54684
47534
618
44310
-55845
-56021
-22437
-17165
42888
-14269
-40363
-34223
-32485
-53259
51984
39162
61921
36288
9406
-12261
-56291
21134
-28779
61691
22042
9492
-13498
16417
43487
6218
45075
41933
-21120
-29179
22242
-23835
-21200
52934
23000
-53184
-36207
46637
-23407
-4692
46508
-35423
-40401
33557
-63136
22134
-53576
-55426
-20732
-18355
59394
54439
55137
-18105
-4015
34624
52113
-22941
12556
-33008
11881
-40074
-3714
43810
-62012
-44714
54627
-34218
55052
-43652
14219
26688
-25946
26947
-3756
-35952
-14919
6669
-38249
17478
52314
-42856
-2955
43451
3039
57030
3203
-19720
-29911
-59113
401
35099
-46058
60688
4037
-44070
-58898
-5337
-25159
49283
4141
42190
11971
31324
5136
-55786
59372
43346
14883
-42878
-3177
-7674
-32605
57869
-28224
34434
40027
28108
-49287
-53885
32995
15115
34343
40066
931
-25620
59996
6033
22172
-40034
-8685
-48559
-61845
-60715
46766
7291
-63371
42137
-13363
15512
52389
36589
60967
-44217
19586
-31258
54218
-4387
49979
58060
-5143
8102
-1697
-34800
-15833
63234
-7291
-19837
5266
-49120
-6742
49711
-33678
-4587
52996
-50913
55833
42754
44353
-32402
-16605
32741
-59813
-19639
52525
12902
2233
31871
-55486
-11789
25930
-7499
60314
-39767
21701
-19520
-40534
-60462
13772
17862
-56453
-56971
3572
-26131
-8429
-18304
-23915
-16596
-39550
-54433
15002
7845
42308
8318
52206
19961
-42780
-9562
-12169
-45137
31779
-50239
11364
28092
-36877
-41807
61701
-13411
-38269
602
57580
-30721
7631
-2849
-3723
52332
42848
25492
-28265
56427
35059
39866
271
2495
-15816
-22395
-41544
-5467
21173
-584
13396
-11049
13177
-50111
-57829
40300
-27918
-60129
-47982
-2186
4473
-54403
20222
-62767
-4122
-47502
53565
-36146
31119
-49572
-43720
-8694
54294
9680
57802
-36394
51285
-58614
22139
-2414
4802
-39336
50537
-56892
-25447
45837
47408
10635
49709
52555
61578
-20690
51282
6928
-30328
-16841
23427
-51635
11013
-20326
-48078
31293
34981
-57784
-23028
17911
-41049
-46615
23297
34220
14972
-35902
58884
-9363
-28794
-41435
-27526
-56257
22329
-52689
49427
19907
-9379
36708
-37166
13423
-44134
39390
14917
30879
-55807
30840
-12700
43174
26185
17401
-2916
49136
34787
-43620
19355
-25113
-26393
3367
29524
-2057
25932
-62003
-5185
-15739
-50692
-30630
57297
-6941
-57922
-54741
59611
-48927
37779
10527
35082
45972
-22634
-41619
25145
56680
28912
-52643
41816
-302
-43134
-13701
27714
-5527
42796
-6763
45545
-6144
-15636
-34512
42117
-2328
-1141
24542
43860
-5934
22931
39470
9139
-3291
-24874
-30651
-21320
5621
-19140
-60176
-1699
-54229
-59690
-34755
-1402
-38824
4673
-37689
8778
-16532
19548
-9677
41325
57041
8940
8570
-9287
60928
-30888
-40299
-9007
56043
52301
53262
-11249
-36574
-41390
20560
22176
-7401
24384
-54395
2370
17823
-25150
-63033
42999
43524
-47593
-12224
-37009
25085
31228
57445
18125
-23832
2015
-55163
-37776
24256
-42332
17218
5427
-54032
-4392
47307
-37477
7347
3866
48699
63947
-46622
47434
2316
35201
-41717
-7587
14199
54936
-2051
55104
-46073
-40967
22332
-52629
41159
51629
2515
39125
-50148
-37230
60793
20199
32197
59890
-48194
15503
-52459
23154
-55503
49370
23100
-38125
32803
-49456
61076
55086
-3914
403
46022
58036
-8493
53078
-46932
-50162
53578
47356
54596
-7907
22481
-59553
7992
8402
13776
-34682
4292
29582
44821
15833
-11265
53319
1202
-63037
-59678
-40867
-48492
-62602
-49781
723
1801
49370
-5242
46437
27576
956
49404
17153
-15689
39999
62375
-57209
33576
-4504
15194
-16649
24814
-55386
-51068
5634
13576
-9203
-15919
-60093
-8240
-11596
-36960
-3603
-21069
-33612
61121
33861
-48243
-18993
16298
32462
45963
1701
-14385
-44597
-33171
-26882
-48677
-63596
32614
30517
-16245
-6573
28260
-14184
52191
-22164
40613
-38600
-29128
-31627
2933
-2088
28770
45864
28301
15019
4854
33187
60027
-53720
1649
41989
11981
40393
61392
31939
-50490
-51285
32343
35254
32361
-58774
-46191
-14250
-19828
-58001
16715
-43216
-43471
51587
-21714
23462
-14502
60186
5326
-61073
11204
63309
36115
7230
-54412
-37108
-25652
10698
-60716
-39132
-21363
-58077
-37288
-63892
41177
48203
58465
58987
-30048
-25364
54115
39796
-15451
-53357
27382
26836
34106
-51121
12150
-35440
-59064
-40647
-47003
41051
19713
-37415
-60058
47190
37283
60356
61187
-58952
-61722
-40101
-58843
32585
61231
52751
27571
-43689
-36614
6814
60107
11935
6587
23488
-36101
-34179
25496
40049
-16490
30432
52532
507
-3389
-2627
27092
-10318
-30309
-10497
-13963
-33123
-5448
-11684
-9224
-11162
-43100
-22865
-22412
37600
-2554
-5897
-30458
-6448
59167
40129
-46961
-40934
59079
31665
52244
-21412
-1904
29904
43095
47837
-36724
6186
-26482
-3033
48819
23556
16974
-20630
-63000
60879
21337
-52971
-25986
62925
37758
35460
-17844
-56701
-34988
-22678
36558
-28820
-10483
31636
-61156
-22239
-53776
-9930
-56336
53319
-26094
-39930
-15366
553
10166
-30548
-50763
-36861
1951
-60634
-39982
-40713
-49605
-1968
-52660
52153
-30509
-6504
48582
-12368
23947
21139
22813
-50536
-22097
25657
-19646
-22744
-59145
-11982
-44296
-21239
1217
4338
32444
-63488
26919
45681
-36349
-35131
49048
-23202
-22715
63443
27959
-22246
40725
61451
24379
25306
-25789
-15675
-28427
61024
-13082
2605
11810
31272
43862
16665
-55581
63566
48556
9636
-6968
16999
10148
-44050
-12192
26929
-26052
-27145
56856
4362
-38573
20815
46116
55281
7394
-4377
5715
45605
43948
41288
31758
-33134
-30979
-20433
62138
-51118
49361
-57444
-62424
33916
5322
-5392
-23957
-59402
3687
27852
20656
30764
53836
13512
-39746
-48738
-29674
-57631
-57458
41720
1992
12257
12453
-28931
-21327
-19790
-8936
11695
23777
-10799
24577
-1733
-15113
26154
-42689
43338
-54110
-2645
37065
13578
-49665
-6279
-30530
-59830
-56768
-6275
-44567
-33313
94
-48896
-55594
55216
27362
20859
-48587
59164
54199
6477
6858
3104
48807
-43436
-62630
-41178
35847
-41318
55289
45737
9166
28354
-15557
23501
-41926
17914
27671
-34694
-52362
36233
-14878
861
51338
-6472
-18795
3828
-60485
-3382
-1009
46843
56224
58979
-14053
30160
-48458
-12683
52982
51389
-872
33400
22254
61423
-2247
-57303
20923
19827
13740
-26277
38262
25378
63085
-40617
-48633
39551
6040
-3427
-20622
-1316
46320
31499
-18473
27673
26477
31474
-6168
31148
-56081
-28058
7665
-3823
-58659
-34082
-6401
3094
-27385
-60349
-51951
50355
-22626
39440
861
-34413
51952
16229
-58862
-6009
-62070
-26355
45805
48250
58273
-36669
11922
20749
47934
58883
-22975
44982
-44046
48690
-33713
-38705
-49392
23887
17519
-23648
27538
18697
-48164
58041
-5863
16697
-51244
-17912
-41946
-46106
29209
-40016
-19331
11013
-55766
-25059
27473
9285
48820
535
-6703
-38156
-18484
13251
63664
11804
38546
-49729
-39181
-18807
-9377
41486
53020
-4412
24655
-16844
-62586
37411
18373
-40532
44435
-16419
-16547
-38897
47723
-19184
-10827
11195
43230
-36879
-52271
-27474
-11034
-17625
49777
-11371
47308
13452
-7971
-55874
47774
35781
38741
36793
-32631
-605
-44052
-31217
-38066
27451
-18620
59498
-52969
28833
-43400
58755
-54352
-1097
-4922
42008
26024
6808
-49467
-59882
42312
-63690
-18124
25619
2891
27034
22874
-13336
-1185
-2386
-40543
19313
50138
-20595
41225
-51929
-57145
-41396
-56431
-56984
51438
-46702
54900
50215
5330
-14023
28222
-43517
45914
42756
-39399
13354
32195
-4393
-25028
-28915
-41360
50975
21749
21455
-15412
45206
-34104
-40146
-50260
-56880
-38945
-54276
-34275
-42247
-47260
-57709
-35820
60769
56506
33511
-17254
9857
43123
-46212
-22259
-60277
31143
-54065
-11541
59244
-29851
11100
46219
45027
-42317
-44065
15362
-12420
-31081
29102
-16171
-6026
27955
13554
15727
33825
19845
33036
30593
1480
-8325
-61533
-52664
-29203
-43744
-10923
-36350
40528
-11859
16109
24900
11419
-47663
7118
-7555
-25979
16183
60936
14730
49102
15166
51688
-20925
-20879
1242
47931
-51055
-53785
16966
43538
11695
-55359
35135
23031
-31433
44520
-62764
-3783
21047
-21494
-51674
-28925
53925
-46208
42194
-28501
-19058
-5624
-31566
59672
-31394
47601
36489
11681
-48150
-26270
-15260
-35205
-16055
54835
61462
48770
63476
32596
-3071
-42828
2244
-12705
17389
-51581
29801
18844
-16505
8855
36637
-38312
33483
-46422
9193
55046
-61621
41799
38646
38868
-21392
43625
-62274
16477
-55581
-25200
7311
59011
-40431
-4084
16735
20499
17088
-45021
-56207
-29524
-32602
26723
53321
4022
-28423
25957
18839
-58941
32664
-35969
60106
35043
58959
23880
-961
-37305
-7366
765
43172
1053
39566
-13517
-14808
63135
46399
-62073
8762
-514
-53965
16555
23091
-33438
-31593
12411
34585
3984
-36504
-10577
-1827
60161
6584
-16593
20332
-9329
60416
-44629
6496
-10951
20136
-25204
43232
-4299
25279
-35577
-16035
-3194
-44521
56727
49421
-45357
-1589
8512
-14794
30818
-43078
-55081
-40070
-26452
-12529
11232
-41163
47184
58639
43169
-26145
44184
51669
33480
-30768
7805
-55725
-62408
56635
22684
-33984
-34272
-44511
-25376
-52416
-59090
-6732
9995
2551
31603
-34059
12602
40522
-10129
50150
-36008
-62897
-55014
-52824
48871
41285
-25840
29054
28953
-56361
51416
-38114
-58957
53008
-56350
27727
-55848
-26622
47217
-17223
-15038
41256
29174
48086
-20194
-3224
-49974
56408
-26703
-6973
31687
-9582
-16741
29802
1594
-42742
7086
28883
50313
-38832
36522
26857
-12946
41566
4993
-16167
-5579
13146
21212
-22363
49052
59303
-55979
14225
43389
-23044
-53000
46544
-41507
-26574
-35301
54180
27844
11958
9110
-34562
33217
-58675
58321
8658
-33507
19972
-39357
6676
-13334
29636
54510
45087
-21219
850
-52147
-47039
-3848
-54997
31186
-24460
-14040
31315
-52787
8453
-59260
-24088
-12239
32585
41000
60871
62023
-655
-61805
45472
61132
-42183
-9428
-42226
28494
30367
51410
8132
583
-44680
-55019
1565
-27719
5133
10568
56597
33803
49657
23911
45016
-16762
28652
-53944
24128
-2764
51056
20999
-15613
-13600
12323
-45013
-16469
23270
9560
-5566
-23108
-34945
-18156
49024
29638
-9707
58005
-43669
15703
-11734
20029
8299
-41932
5685
-42661
56213
52924
49991
55399
13051
-16774
42454
-40822
20742
-46017
24631
39729
-9357
-26971
-25583
49078
13921
3473
-43950
-11927
-41761
10343
-28794
-21429
-48826
23472
62600
12603
34670
-6587
33942
26882
-28535
19932
18280
37646
56287
-14137
60824
13028
-7025
10583
-11244
47618
36741
16303
32695
-24210
-55096
52745
27863
-32857
-11784
63069
-1157
-7480
22541
-13429
-58878
-17661
43985
39064
62350
-48551
-15876
5759
53095
-23590
55622
39048
53438
-15404
-25241
-32678
-31787
-52500
36754
54038
-12710
45658
31911
-59718
-51199
-54744
-60650
773
1776
15020
51345
6898
61359
31329
-28910
59709
35907
19214
1467
25002
59624
-17783
-10822
38190
19942
27937
58641
41284
28566
31395
31321
-59015
2181
-11639
-54733
4111
-2383
-62254
-59116
63393
5896
56229
6290
-7617
12686
30509
-22780
-15408
-14278
31816
-54407
-29526
-49968
-12100
-55337
33974
-48163
56433
387
33532
12956
-43164
38517
-48863
9197
36913
19248
-57187
38660
24132
-57795
-30316
5489
1624
26067
-45826
-31868
-60713
2767
17854
35103
1489
52328
38265
53390
50120
8238
58356
31682
61754
27887
-19363
-45410
-8467
-4226
27787
-35555
-59849
34601
56234
17412
40806
-38083
-41099
-21570
41114
-22925
-309
44401
32971
-46455
15503
-40411
59002
-10233
-61893
34251
51135
60463
1932
38017
13478
46569
56607
58140
-32528
20394
-52286
-39248
-9006
57077
42164
-43072
-45006
-62936
-11513
49237
-32731
52179
29637
53369
58853
-29732
-51043
53854
13165
-48936
13233
-10572
-63345
-48836
-36556
14134
50863
-43949
-2598
-45666
29574
9116
-20914
-43433
2193
-53622
-33376
10316
-63428
19112
-4448
-32159
-3581
-38812
-42791
-8729
-15415
-29833
-29747
61750
-25640
47487
-12823
-24984
62651
14622
53150
49513
23802
-13449
56976
-10625
48797
-38810
-929
-13011
-28431
29695
61305
-27859
-26065
-7144
-6889
34354
7173
3449
-49247
55758
37616
-14993
42637
-52024
-31507
-34187
-13008
-43728
33564
-34730
-58215
-6635
4950
51890
35869
-10254
-61791
-29061
40735
-37093
53764
27168
-11823
-47173
-54848
45288
51182
16325
-15264
-62066
-2788
-52519
-23930
-35023
-51414
8563
-5210
-422
28836
-46517
17977
23750
-23
-41074
768
-28154
1802
2977
-4086
-21464
29884
-25194
58834
-45940
-8366
-60015
52477
-21185
9440
-26787
-30122
-57349
-26177
9949
-28372
-13591
-56360
19547
39116
25605
26159
-6908
-25517
-37864
5147
39252
-12889
-57052
-32643
36154
-25386
61242
-53040
-30553
-59570
2594
-26568
56908
34538
46872
-44751
57545
42652
-6928
-7378
-60592
32610
263
12085
7725
-38133
-25757
53946
351
-10492
-4908
-35269
29748
-8830
-3912
1902
29784
-17542
12862
63231
-13111
-59416
-38209
-31075
39122
-55337
-22697
21795
40444
23504
-49583
32982
-7887
14680
-18934
52967
29676
8438
42912
-44845
51076
-36868
-26985
16823
18302
33104
-56147
-15915
-48439
20715
-16685
-8421
14428
9107
13633
-21322
6899
54936
-63527
-27529
14439
-49110
58582
59681
18699
-24353
48647
-26497
37215
16687
-7341
24290
43820
29674
-33759
-1879
-12094
-25905
46207
-7403
47939
-45350
37305
-1633
16886
-13062
41045
-51087
-22127
30647
-25486
45442
45537
-30905
30251
-10636
-2128
4027
26868
-28914
-43287
-44474
48505
-63468
38329
-49255
-1346
-48636
-11160
-30011
7961
-27221
-22232
-18735
24275
58655
21332
1319
60697
52335
-32034
-28790
33776
-61369
4306
-10845
-8004
-61823
57182
-45137
-37608
-50105
-36482
-53104
-60444
54976
-38359
-8661
-57661
3611
25328
3429
29519
-60904
48695
-10207
50880
6026
44241
47576
-5640
-62665
-56085
-46736
57097
12221
-4451
-14908
3527
-11270
-6916
29919
-8246
20602
29944
-4689
706
55585
39779
7046
-15676
1107
-53526
-50158
-6668
48298
-7236
-30660
-20547
-26995
-57956
26942
-25660
-50041
33336
-43435
15309
-35116
5657
-56036
6743
51870
27012
62498
-2400
-7045
-17063
62307
-26331
-41285
-5519
21993
12951
-5916
24965
59412
-21618
-46272
-46120
10964
-20138
-40075
-26095
7332
-36987
60370
27897
31452
-38747
-41317
28545
31997
-53448
-8443
19623
8153
48512
55689
6459
-52691
-49597
-63061
22432
16484
-4977
-16604
11895
26534
-9747
29776
-26503
23245
42830
532
-33424
58972
-3099
47602
26423
11284
-57716
-9032
-31591
-47163
35654
41161
24990
20165
32849
-43423
20604
36381
-42484
-20965
-11136
5668
15560
53889
-42669
58942
8793
-5172
18186
-23249
48489
48762
-28278
-29481
21493
62146
34932
27777
-21758
-60660
44614
-50105
44501
-5268
23189
2478
15309
-20208
-25142
25954
11956
16852
-43249
-36485
6740
-21918
-41543
-59339
26039
40643
-18588
-343
14534
17134
34176
-27974
4408
5107
52932
46650
-2424
22675
49674
-32795
-46594
8863
33683
21845
41784
61670
-27073
-10260
14521
-6322
17255
-53611
35760
39712
-48950
-13072
5484
-3538
50585
-54854
-50404
9889
-29699
18004
-59876
-40768
-10217
1700
45907
-24544
22034
52443
48319
-19155
10287
26103
-21486
47214
-48158
57036
-33979
22226
-60576
-62220
-12933
-45525
-22163
56551
4066
-35579
54826
17662
27439
-38874
-39205
31563
-26513
14578
-41609
-44606
54034
44425
-56164
27482
-49602
7252
-10416
-7087
-20406
-5445
-24923
9615
-47220
-21499
525
3847
-13895
42362
-14474
54172
59913
-23649
-3038
23351
1477
21757
-9086
38965
-38537
2434
47488
-48503
-28012
44453
32108
-13614
-12296
-42309
43299
31298
5375
-45625
-33958
22155
-13994
30567
-37998
25240
8928
11528
4540
4840
41009
-62498
-46680
-21515
12388
-2637
-57422
37852
63797
54066
42478
-28216
23647
-286
22171
-52650
21405
-9402
31778
-37221
8974
50949
38063
48109
17515
53194
9348
-48429
-10149
-50112
9541
-33141
-59481
26861
-1527
16907
-39777
5052
-20113
-39981
-15754
-52507
-15067
-56107
11207
-56897
-55628
-42260
-2299
29279
-26352
59804
16227
-52289
43912
-30259
-63096
-21611
-14687
-9245
-18594
58854
10743
-14075
21714
-54784
55961
35066
14268
-28152
48214
51643
-27530
-30854
59536
36807
-23751
-60092
58547
27080
33187
-31805
12012
-14586
-30965
-18947
8284
-40932
23442
57597
2953
-59153
41579
-50305
-9228
-11579
-41089
-17268
-40514
26308
7709
-56300
13951
33309
-23154
-1385
6115
6225
2523
661
-41567
-39161
21985
34445
-618
44149
-48503
-56335
-60783
28068
54392
-4701
32915
31970
-1877
-51185
-54480
21035
-15323
-30994
-27529
45515
-34165
39551
14823
-4189
-25834
-43063
-61965
29818
10728
-50403
43786
-31288
48042
-20833
-62010
52669
-24038
-58793
16736
-44518
-10365
-25220
40581
51758
-23276
50101
-2079
25401
-44893
23522
6916
-25929
-928
-42262
33882
37238
-32195
25046
-7815
42533
38643
-28030
-63627
11814
4267
-61637
482
44229
60700
-57654
63711
-13666
-29745
40291
-36779
10980
15521
25142
-38491
34628
-15337
32425
61828
36865
43293
31710
10102
-63774
-7245
55416
42759
-43473
-36614
43132
32341
31653
45496
-42049
1010
31324
-46574
720
-46342
-12318
-33861
-19121
51791
45660
59150
-50701
5416
-20187
34854
3244
-47323
3275
-39918
15908
3501
16837
-3547
-28612
26493
23839
-49481
-5167
-19380
49144
16784
45630
16468
34211
-28522
23255
-52979
-9254
57263
62812
-27594
52412
-62761
30951
-42647
25222
-40677
-36841
-35504
-16595
32197
21126
53372
-35351
56514
15864
52488
-56967
63827
-41764
45306
16610
56995
-2227
-24051
-35528
-53844
-23901
8347
-60582
-35961
44753
44960
-34721
833
-61688
43630
24156
-34528
-55874
60691
61669
29252
39191
-48554
10895
-19817
57063
7057
-19991
-48702
-11638
49749
-55708
39265
-49174
-38107
49421
-9074
34240
41969
8094
4122
22928
37373
58084
25240
6132
7368
43841
14258
4058
30638
-31362
-31623
46084
32662
12561
39146
-24282
56570
43573
28081
31447
51865
-7526
46274
-61114
-32977
-26801
37127
-55009
45293
-33623
31919
7795
-39540
-17712
-50074
31828
-48743
17313
-38985
35025
39080
-6608
17108
7742
59082
-18617
36589
51652
-39045
669
19098
-51180
57143
-9500
-59165
-39834
16828
31091
-41714
-1879
61468
43335
59045
-52944
-49249
62100
32014
-44863
4541
57029
54162
-31251
-24451
7270
40491
-29369
52653
13080
-52589
-61264
-61123
19638
-48444
49150
-53862
-54479
62445
26966
40612
-43270
-49785
38080
53194
62389
38265
-60056
49617
6278
-40918
-9843
-11565
-61628
22907
27985
9642
-11474
51745
-12577
54735
52285
-9840
57613
7922
-5155
31891
7189
-6505
30335
-40716
-29893
40194
-37372
61316
18517
-38983
35580
11590
63763
-22142
23801
-10080
30293
26174
-62045
-16594
-39056
-9519
-39721
1497
-29655
-51437
44786
-46914
9615
-35241
48977
-47197
22255
4440
-34784
56362
-30238
-8155
53677
41408
5991
25256
-11002
-5118
56243
-51202
48802
11665
28101
39886
48200
53046
-33633
-55521
-20329
-10159
-53829
-39544
6927
19786
-10785
-18968
25719
-63402
49472
54935
56960
-55638
-28092
35765
49771
31028
-13850
-25232
-38090
-21608
-23305
63841
43186
-59204
39727
16515
46971
59223
24994
-37359
-14937
35165
-23774
45119
-19920
29441
-37850
-58202
30040
-52379
49862
12128
-44017
-53101
-16107
58883
41927
34043
-30350
56966
-62437
-525
45936
33879
4271
21662
-13607
-23630
16884
-63485
3011
55076
24809
43237
36194
-59112
-2194
62344
-53314
-47026
63094
49678
18232
-55795
60577
-61876
-60912
27632
25296
-38133
20598
15988
25342
2533
-25005
-45259
-50677
25388
-15760
19336
15032
40380
10411
-24159
8745
-28267
-19271
59681
-40795
-19455
-51346
-41702
-33778
30886
-33497
-37202
22139
-41280
43559
-27437
-26283
156
41681
52188
55818
-47325
-57071
58270
31193
-19702
13605
-17776
-43322
-50856
22065
29423
-15123
-61206
25103
8082
-27532
26887
19509
2690
-17099
50013
18617
58170
61862
-1825
-44139
-28422
51461
61542
-40234
32407
-49783
-44176
26677
45410
122
-23719
-47238
9929
-10574
38828
-35519
27432
30751
42713
-39357
-60782
5599
44152
-4963
41630
19293
-50347
35799
17155
957
55660
41862
-22454
53202
-62373
63083
56548
-42549
25759
27086
10703
55169
43848
-43369
-30277
18675
-25759
61156
-25446
-47046
-53073
-22228
22553
55079
36809
-10689
10372
39591
-38891
-47345
-34323
-58102
58517
-3648
48229
60145
-4566
29905
-57276
-42808
-7010
6556
-62510
-38034
16317
-28787
33771
54558
-42503
-55676
-56489
-31576
-24774
19194
-40497
-51966
-55496
23004
40755
-41257
39659
59561
-35359
34175
-8088
-51131
19448
40476
31903
15302
61668
-39108
-42143
52287
-24013
27303
-40500
-54243
17861
-19003
-45918
14501
2551
-6692
-30306
15183
-5529
-21801
-25814
-39646
-9929
-50156
-54957
18712
37148
-9915
20710
-18275
-33440
-11388
61027
-46644
2633
-55988
-58357
42620
35316
-34857
52378
-21695
-731
59589
56806
54949
-21975
-37500
6131
25625
-6172
44317
39109
47899
47290
48152
-8261
9567
-25764
-62423
55292
-6075
-20682
41447
11282
45951
49459
16925
13699
9903
35197
-8795
52208
-40406
-13207
45014
-49457
17947
-56487
20674
-31299
-9530
-9880
-56191
-36503
-26591
45090
8365
46976
-55545
9942
27396
2380
53260
4842
-50339
24339
-20570
30586
-25963
53333
-9089
29243
41541
14506
-58836
22554
29049
12241
19196
-25149
44942
62795
28971
52751
-37709
-61620
22969
34656
38485
31424
-30274
-8990
-30196
-51886
59852
-27406
36453
-24719
56310
63619
-46257
-16780
28861
48413
61726
23155
-3905
15903
-28605
-48710
54755
-58535
-60787
19725
58216
-45367
11234
6313
42418
-25152
-26263
-51857
29858
-3330
-39743
25709
33264
49839
54120
25573
49457
60992
-55207
3447
45404
59648
-37399
-22502
11551
-12875
-18083
2305
-7410
-14870
-52842
-24066
-7108
11522
46247
-28691
50370
-54888
-27419
16227
5782
-14033
-32936
-24954
-28195
-53688
-63382
-42739
-56697
62541
13837
52707
58189
40438
-44667
5739
-47309
1250
61173
-1590
39509
61460
38344
-31600
8981
9720
-7162
-4650
18832
18548
-52424
-39386
-59486
-32230
-11211
-23681
-21918
-21464
-13290
-14614
-22923
-63454
-36779
-39606
30114
-28316
19262
46805
36934
16434
-18785
1572
3022
-55313
23101
-51997
18407
-58932
-3518
-37632
23616
-2812
-23889
28131
28958
28900
57579
-56961
-56565
-19712
-18446
-26359
-30036
-2095
-1965
-63923
33589
-46704
36011
-4349
22859
-57646
50352
-48990
-59829
9453
-36987
22578
14521
12624
38075
-36735
-54189
-49815
55396
38769
43085
48975
34938
39650
-45609
-58380
-50710
-11645
3525
455
-11568
-37758
6880
-50428
11023
-45132
-44074
-2626
-30122
-39903
59956
-3109
35805
-395
-54486
9879
26871
-55545
13194
18266
47224
-7722
-7631
7290
-42944
10761
12911
-40524
52245
-58436
13060
-34194
-43064
-44061
-20622
31959
-25193
-696
-45539
8685
12531
-60454
58705
-26536
3151
57349
36472
-33979
-62197
-14335
37417
38156
31073
-45086
-29425
52129
18804
47486
-63267
7049
42179
13793
36855
52244
33733
-47768
9331
-55461
4665
27793
6354
-57676
31339
1058
-20212
-40382
-16465
-47740
-21231
-25533
1925
-58686
-51377
-31003
-39772
-16802
-53745
43033
-44188
-53012
-13919
51120
24782
-51936
39364
-16357
-35704
-15306
-18689
22090
-62385
51665
28415
22083
-22148
61332
34831
25387
-50409
-50401
52984
4646
-45087
-62394
26772
-20859
-26067
37027
-52698
-17126
37145
-13488
-40878
-12945
-1424
51615
34698
16001
-38562
-47992
-36780
-47818
56803
44764
38266
-29346
42095
9096
49170
44816
11824
38153
-14539
30737
28888
-62639
63007
55950
27518
63439
-36048
662
-24921
-12925
51717
26785
-36182
11543
-21215
-10744
16680
-4866
5439
9482
-24103
-20296
33265
-56879
41929
18435
51937
-21119
-18284
-37474
62747
63734
-36113
50882
55683
55405
50320
-55236
-18805
-38601
-4161
-41960
52184
23657
33583
-43903
-61958
-13737
15232
7481
59745
44258
40314
29010
51379
7371
-27427
28444
50252
18289
54970
48998
18022
-56014
35879
-1166
63391
11328
7598
-19414
36727
56566
2626
14039
5351
-38662
34136
7393
730
-25504
-49127
-3526
-56117
44316
-49388
59262
-12314
-23686
23706
-26063
47733
3804
-51937
-9117
11790
37072
53717
310
-15601
-13557
44896
-42875
-20992
-27350
24293
37489
-12883
-16443
-19119
51847
22054
-15116
-26550
19066
-34801
-22809
14327
16886
17506
-36839
43952
-9633
20095
45145
45250
-32116
18216
24096
32194
-61386
-53462
2218
-51132
-21324
27998
37161
-47836
-48886
-43283
-13826
56091
31900
35058
-34460
-13035
53387
6731
54422
-4599
-50635
-57289
-35519
3732
26806
-54375
-15018
47820
27841
-54923
5142
19584
-55256
-56640
32452
-12580
24487
5612
3584
28730
15459
42888
20820
-27513
13945
50360
12582
-7540
-17780
-7868
51861
-4415
-12028
-58529
63318
-60093
-48904
-26572
51727
32067
-17495
-7132
-12350
-8751
-10643
-43898
42670
-50157
14843
-28618
42574
-44570
-49731
-607
-8082
17344
-25118
57629
62933
21102
-25111
39923
-47314
26861
45394
-58868
30768
60490
-21440
7623
17685
25065
-63509
-58665
-58557
-21023
-49434
37242
-18050
29409
61753
-50348
48840
-62849
2174
-34114
7624
41056
-51357
6556
-12714
-12468
-17522
3973
-49608
-47000
9105
34290
-61381
40795
-22088
20304
1859
-32468
25639
-3569
10510
40205
-30328
45589
-5257
-43446
59241
-31289
-42295
-2586
-12274
29329
-36401
369
-38987
14885
41030
7492
-45143
44551
24492
17092
14840
16240
-6114
56753
-27456
48874
-39716
51312
-29566
23923
27517
4106
5511
-52612
24660
-10120
-19901
35494
51295
31825
-10049
-59978
-42678
14965
18907
62352
-52415
26894
32031
25206
-30886
-17129
-22554
16129
-24377
13990
1002
-10964
1301
35436
-61912
-46054
-35329
-3272
-34666
42460
50609
9433
3083
27032
-33614
57034
31054
-23163
7998
-24911
-35683
19583
55112
60349
-19211
-39775
-20781
22235
40354
7971
-27776
-33515
50136
26654
55050
41353
44601
-55151
-25919
-54066
51310
-50182
8497
-20479
40850
28012
-27446
-2968
-59151
44553
25250
-41705
-10736
16362
-45357
34053
40587
-13009
-7713
6070
48091
17640
36555
34227
-19706
16733
11579
-49977
25583
38789
-40043
2021
52607
21583
45542
18585
-14405
-45905
-59255
-20427
51777
19125
1868
-22959
-28514
9641
-52907
-62799
60632
-7490
7271
33852
63279
-31046
4078
-31299
49688
-59215
-17276
11270
32704
-4189
-61581
10439
-46607
47961
-34976
-7883
55185
-41102
24819
42962
42023
-48184
-43998
-61363
25457
-43776
-60161
11217
1863
239
-18932
1142
33194
38275
22972
8010
32190
-58304
-55592
893
1507
-53173
-52669
8029
58788
-34516
53276
39101
-22488
14094
18062
-55337
29910
27193
-52699
-19505
36547
-59731
55713
-25591
4508
-38091
28680
-37170
-63816
-12348
34840
32374
-6652
43248
-41605
47984
54075
-41145
-18859
37991
-11660
-40455
2221
18981
37640
-43718
27644
-7322
36605
28074
37174
9151
32343
28886
36689
-27149
54795
1369
-11190
44108
42150
-40350
1610
-39374
-61103
24005
61739
46102
46861
-21121
9221
-39671
2425
-52559
43310
-34807
-43147
6953
21871
57458
-28973
-4956
-8263
56499
-50942
-46446
-45522
-60147
8052
7289
37090
-13799
30939
-25300
-44
22965
62705
-2306
-5805
34694
29703
-60584
59023
-42744
-60014
38332
-13551
-39161
-29586
61449
-56575
-5430
-7507
-11709
-12932
-5320
5846
5547
-12338
-60974
-51165
-39248
-10772
32903
-548
53184
-19004
-12715
-23993
39192
-42021
-58291
31737
-46999
-37035
24852
44463
2543
49692
-49124
-9
46246
9446
45613
-40334
49643
-34578
18641
-8811
17084
21667
-6847
41836
-63977
-48816
-33584
42337
-3819
6831
-45657
-39499
28810
-50819
56238
34940
-34725
17089
4531
31818
-8091
19407
-43063
-36716
-46019
55680
-13050
-60376
-42899
58720
-16058
38185
5515
30225
5150
5539
45409
35566
-26996
-33282
-21604
-8653
-8781
60335
-6343
-16544
20404
22932
53675
-39066
-9251
-29288
33471
815
-2004
51452
-7506
38075
44205
13595
32794
-46724
-12220
-25691
47501
56930
32977
18038
17624
-58020
48757
49150
-13544
-24025
45484
44113
12561
1887
3044
2235
15951
46922
36947
-14579
-16264
-39928
-37999
40231
62147
59336
-21046
20070
-51389
19863
47508
49241
12792
5613
3278
-44455
722
-11966
-59306
51178
17139
39307
20419
-34301
-33677
-51409
21063
46274
48642
-16862
-43177
-31623
7210
-17176
61737
-5514
-32712
-23309
-60316
-30972
49683
51192
-45732
-12396
-18067
10676
7149
46655
51839
972
22961
4977
-23722
-31492
23805
-4270
-18901
-19133
-32868
-34260
17135
-12045
-12754
-39656
23909
-25888
7959
55197
3932
11643
-39775
-10386
-12037
-32378
41218
33896
42298
-26505
5679
30137
38467
-35361
-28887
-60126
-13724
48048
-396
31375
-35086
30737
50244
46049
-56180
-37381
59523
31729
-10140
-7390
22926
57792
-59747
36280
-27466
-7784
-60099
-50248
-48759
46200
-12753
10049
1465
-49157
27818
25707
-45283
-49907
9754
18321
45469
27798
-25814
20841
-1025
-17993
36589
-5503
-50265
-37552
51108
25790
-43761
44490
-12802
-7226
-38166
-8900
-4345
-33796
-37572
36031
40254
17022
50874
4071
-21272
-58410
18164
52483
13041
-11239
16280
40356
62732
-48746
-41638
35320
-1119
-38773
61769
-24883
51017
-56864
-55265
-36656
-10961
-29431
7573
48694
774
23130
20725
-33844
-23849
-3273
34227
18879
2318
-22481
7361
-59513
30281
-51231
44843
18141
-46847
-60795
-10540
5163
-46439
-23643
44280
57707
-16506
53015
-42950
36533
-51288
28623
10356
13486
-12248
-43791
43642
27903
16936
2997
-28089
-55618
44517
32401
-62002
-74
45171
46842
-45934
51453
39176
-3345
-7385
56737
37013
-27106
39572
-43494
-48963
60623
46168
-36251
14374
-18348
30365
-61874
1861
10006
19158
-56074
-61868
44198
-47692
35778
12599
-56564
-28297
-6231
54278
-21102
-29650
18582
39553
26965
447
1694
63859
-23982
11329
-59976
-27360
-6503
-32227
51015
28278
62138
42270
-33861
-2727
-13444
-25935
-11466
-33246
-20498
-39689
43353
-23933
-3986
-37750
-33656
28041
-3400
38055
-7278
-51307
-25499
58417
-62320
14520
5745
-58296
40289
52371
-37394
16432
16649
-50127
-16170
35917
275
34387
63111
52809
54270
-32259
-50881
33622
7809
-1738
49001
27282
-37698
-29271
1337
8153
-16578
39838
-8302
-14898
-20514
50573
-20065
-55096
38943
6541
25336
-19280
20414
62296
-58235
-43312
32682
-59125
-54504
22951
-38254
-52256
-18299
33555
10006
-44170
-3164
25437
-20312
51302
-30410
27110
16269
25288
-62660
48884
11860
-18725
57788
-24068
51816
8253
9781
-2641
6548
15547
7176
-24771
9551
16673
51309
35297
28417
-41862
-6020
-36448
-32903
54817
52989
10785
31247
-52293
-36977
-16485
26125
-35637
-31601
-36887
-1233
-37814
-7826
-24289
34439
-62045
37070
-33885
6631
-19754
5344
-47819
50048
-18219
40608
3593
-6952
-29413
31145
24145
-49468
9263
-29071
45780
10099
-2048
-34706
-27777
15444
-2307
-11534
-49790
13009
44640
-10078
-27424
46595
-37009
2692
-21646
-3634
61165
-5464
-17587
-31925
-39728
39136
25123
-5141
-4591
-14732
9392
-59329
9326
-8829
14771
60408
9594
40123
11851
-56713
-35412
26062
9425
-54772
-48017
46001
44952
-31897
-26179
-40694
17599
-29014
6971
53141
3061
31243
28276
-35817
-37899
-40315
2580
24622
-46515
-52094
-48208
21385
-55687
25387
-2492
20164
21803
15225
-28646
-43644
13582
-23534
-61644
-5466
-2301
-34693
6969
-48703
293
-60932
-59563
-60647
34311
21843
-43335
49541
34657
12375
10163
52142
24281
15084
9527
21723
-34401
60164
-32985
40531
11388
2370
60887
-49901
31965
52373
-2238
-34337
-46321
-59270
-19040
17972
60928
-25473
10454
31238
49499
20248
5907
20155
-31378
-58802
8296
46032
20283
-57049
-7117
39011
-60886
23899
15542
3632
-48603
12428
17731
47362
-10071
-48508
-50975
7608
-54649
-16886
-49292
-57722
10770
14291
26645
-3732
-40332
-42320
-47578
-18581
-37121
13848
-36549
47162
20799
20334
11301
13043
-30639
-37158
-58197
-15242
28400
23534
-31880
-45672
28155
-29726
15066
26635
6517
29774
22042
-46713
-30806
-26185
2684
-7138
-4505
8236
38281
22374
-41917
54861
-5336
32011
324
-58035
-18947
33685
-42064
-13144
-45557
50336
63519
-24308
57794
16802
9966
8859
-20564
-58389
-36239
54607
-41102
-13916
-46450
14712
32075
13046
-41053
-4515
-39452
-18970
-13655
8342
-50960
39798
3436
-16777
9483
25372
23208
27926
837
22727
56747
-16241
-24472
-8159
45747
8094
-2548
-54493
-12171
9480
-15279
5380
-39809
-47205
-56446
-16862
12280
-42769
17297
51755
29573
19466
27552
-41863
55818
-26966
36639
15026
54089
-26525
-26248
46835
10363
2409
-25325
-7891
63632
25257
-9255
-12539
-29264
39466
45970
-5073
56262
53524
31194
-6330
-53246
-26381
-18576
29457
57085
62106
51594
38032
-28861
24232
-10943
-49643
50836
15938
50321
-2802
-45654
-49875
42436
-46022
39382
-30819
-5432
63247
-55354
-23463
-16698
54037
-44811
-49505
-16293
-44928
-22757
29131
48529
-40544
27236
25252
61488
51505
-14517
-13456
54991
-38552
-61519
41311
11775
-54043
44565
-9789
-46936
19946
23392
11632
8321
32038
41298
55623
22075
49616
-57883
58911
-59313
-27511
13170
42346
-4054
-34465
3597
-6567
-46961
42209
33107
61159
-60344
35588
27598
4561
45545
8163
58772
51738
-46763
18163
-631
25559
-24671
-34205
17181
50533
-59461
12428
34572
62357
48917
-16258
40702
-19138
13277
-30573
27425
19445
-63236
-3469
16603
-59579
-42753
-19800
-1889
-61208
41492
-7118
43659
58730
-63827
-31843
9417
-35369
-2048
-48274
-59707
-8379
28154
38865
-10023
2200
-41394
-44193
36191
35883
-10766
-385
-8673
-10002
60146
61059
-16452
-46607
-22741
45659
-54686
-56121
-36331
52973
55738
-36158
-42871
1154
-18397
8211
6010
-14104
63832
-29837
-50111
-21063
25492
-27504
-1256
-2317
61508
51978
61298
-11165
-22025
46573
-24978
14653
63966
5410
-14560
62409
13290
13110
51381
5027
30081
61640
59311
-52317
-5021
-9551
-13292
-5190
24612
598
37747
-24767
37094
-27510
36916
34601
-50404
34213
-51436
-19300
16785
-12413
59353
5879
56997
-30078
4287
-4585
47032
-19203
53572
13112
-32435
38011
13925
26544
-35541
-63368
-53518
53071
1230
37358
-35697
-36548
62977
54348
51183
-51428
24561
52876
-17599
-33526
-23538
-33117
25483
-41412
805
-45102
7132
-16164
-11176
-3297
50077
9518
-29287
1
-27939
-828
634
-28328
-22628
54993
62159
-5196
-45555
61135
-14848
58757
62836
62842
47632
-18763
-45556
-39906
1249
43927
-28189
-61947
51955
42943
-24982
-23222
-35225
-38906
50297
-512
25096
-52514
51790
-49142
-27712
-34839
-58150
-29554
23965
-50576
-32419
62246
-55820
-44455
61087
55813
-10089
-59340
-58965
55160
37716
-34025
46342
25670
62047
-42641
55578
-37179
-17546
31003
15439
60679
31618
3228
-63335
-60095
32389
59645
-25648
-18518
62199
-4938
-31143
59508
14607
-44928
51320
57648
-40268
45484
48807
61449
-63413
31149
12247
62635
41637
-7047
-49416
-39910
-40045
30023
-54103
55574
-41621
63692
48608
43897
59337
-51912
-38621
46664
-3721
-16635
42171
-63985
2437
18620
57663
26170
103
42469
12747
-10180
-1254
-39007
-11546
-23617
17947
-7833
-10398
31031
-52681
-11371
11733
-30302
-11680
-3659
-50405
-27215
-2442
-35897
-44552
57838
11468
50749
57853
-60967
5368
51515
29203
58600
19112
-32922
-15581
-46142
-7928
26002
-16630
63148
-45831
36972
30178
-34512
-49271
-32960
-11685
-7821
27381
-8961
28964
-39062
8271
37542
-45225
-55133
13419
-51373
-52099
-45214
53271
41104
-50615
8383
-55818
-2195
15370
-10617
-40194
62740
-22341
-32896
24840
60966
-14279
28699
-35995
27166
-43123
44515
-45796
38970
-58547
26476
1640
-50643
35343
-48942
-48886
36373
-30156
57514
2606
-27641
1896
-83
23293
-57606
53300
36228
58263
-43913
-60668
19103
-46948
-21818
-27070
-29813
-58653
-6193
-49299
-40448
-31224
-54717
39157
23546
-41359
-372
38604
-37116
-27999
61578
-43603
38607
-40935
11423
-25477
46358
17817
-47049
18585
12080
-26962
11046
-43689
-20781
53229
-6759
13406
47705
40177
28108
60386
-55048
37391
35542
21627
49161
-39701
-14640
-62827
-3700
-17063
-53300
-39965
6002
22123
-12313
-22512
-34932
4638
49202
30277
30805
-3752
50588
-53977
-25395
-31043
12559
-52562
-54867
-34205
-56176
-56785
-60815
43366
28842
41476
56794
-49799
31778
-10907
-13733
42478
2257
45398
600
53944
-41115
18798
-5419
61217
-14926
-49486
-17407
-28338
-50333
21198
-6252
26226
21765
2882
56021
29589
10097
48335
-1916
-35933
14939
-9123
-32602
-17283
33100
17665
-38806
-28644
-11808
14924
-38700
11077
-30279
9010
-2578
7924
23525
44015
32715
37192
-9659
-37537
-11454
-51894
18474
-30305
41695
-46301
-56842
-24222
-18234
22098
19785
13164
57944
-11116
-44042
-44863
24240
8150
23190
38669
-55645
46040
-16321
5778
-10036
60333
-25079
-52193
22653
29263
-25730
-63673
41369
56744
-29978
8192
63572
-22820
37100
-18662
52407
-7116
47631
46350
34897
56718
54617
-15735
-10004
13806
-41066
-1648
-15025
-4258
57259
28068
-7926
-31821
39875
-60145
50571
-60726
-59818
27939
49147
-25796
-38740
48719
4513
62360
-44815
-7080
-19628
55945
-24731
-59603
48663
-34115
-11338
-25342
32821
11596
26139
-46205
-56663
8526
34992
-11460
29835
10866
-7605
16405
14140
-14294
-30527
-11584
13039
-5267
-26866
-46448
-17779
-7681
-399
15722
-15737
38870
20119
-41946
57885
-55220
-3287
15834
9506
-52020
22758
5972
20507
-6251
47642
-13659
-59386
-23964
55875
7884
14872
-38653
60300
-36090
9209
-41438
-18538
44559
14881
45063
-3720
52273
9062
-58473
-53673
-7925
-60563
-3831
-56092
12943
-2722
19795
-55957
-46216
-50457
55685
-6746
-56714
-43150
-25742
15170
35722
-395
598
63632
61944
23160
-29777
42502
-36831
-59586
-36089
-48558
2605
-30562
-49102
58680
-27125
11067
55717
38947
-55656
11511
46991
-48742
25054
38675
-2359
21470
59525
25028
-27361
31246
-39367
26367
20007
-52295
-25345
54230
54207
1825
58644
-45883
6396
-13622
-23315
21294
-18943
13560
-42511
-38097
-11493
-45038
26543
-28503
-40651
-23274
-53829
10120
62196
58826
-28853
-40037
15200
-15091
50330
-28794
-3386
-39015
-38565
-24050
15939
-54792
-5933
-41666
-15285
23881
43628
29772
-26559
-62884
44804
15077
-54793
7347
39703
-31443
48073
39003
42677
35397
33828
-50177
59360
-14972
-1267
45690
20234
59347
59804
34799
-28704
11742
33136
18493
34076
-46150
-21627
2832
36751
4943
-6923
6684
-43981
2284
-49970
48851
34841
51232
23854
13517
22628
-6319
16470
7116
42709
-48798
-22066
-11928
63678
-26263
-52001
-39897
38608
45135
31725
-2188
52114
63227
-63357
13993
-6701
-6280
-43324
2447
49134
-40165
-12702
19974
-63805
-52849
-41380
22823
4832
39090
-44932
-27330
43421
-2998
13871
43098
34740
25870
56330
9347
-3867
24054
-56841
-26625
12410
60932
51368
-58292
-20219
61174
8155
-35086
-42992
59453
38017
-42796
-57397
60637
33156
565
24855
52224
37235
4275
-14774
-12895
-27498
-54906
-51026
-35169
7570
-1764
42015
3858
35611
-9576
790
22978
-3868
33700
20151
57416
62614
30289
52869
36630
40622
59472
22396
-1094
-14835
-16750
-12870
-41601
51526
25485
-1367
-50844
23708
736
-22013
-43594
62972
-54870
24265
34582
-446
-49817
-17311
48815
47883
55969
42231
35625
22257
31099
8254
-11993
15699
-33351
50914
53994
3029
-36828
-51608
-9446
41786
155
-7161
1493
-63110
34826
21899
52992
43957
-28708
23573
-31361
-14525
59391
-57417
-41514
51360
48814
58111
-1255
5041
-8506
50753
-54132
22143
26795
63862
-49700
53967
-51746
4854
20881
1538
61693
-41627
2428
21648
33401
-8581
-9267
-59307
-59879
12501
-20703
63512
19084
1784
40000
-6974
-14977
-25255
62067
40517
-49374
-56065
-12211
30550
-56204
2089
9645
-54821
60073
-33475
10717
46894
-21973
-61726
-6330
-52573
-17178
48403
-58751
-13057
-13967
-26324
-24416
-58884
28589
-48417
-1857
-50389
-20543
-14662
43258
-16788
-6727
-32954
-50239
-9801
22264
23406
-11493
18336
53931
52354
1230
-32043
54628
48029
-31486
-26551
21561
-37108
13522
-56407
568
53106
-62162
-45715
-59312
-10890
-42974
-26725
38449
-63717
20487
-43150
-43542
34249
178
42722
-6346
52686
-2942
-27286
41039
51417
-6200
20795
35445
26314
47373
-6995
42336
-3106
-10273
-31968
-24872
-8434
-13682
-20183
33805
7344
6221
8253
7627
-37293
18233
28085
60956
-45590
-4065
-20261
-56905
56993
5582
37263
33538
63382
-5943
-5888
14825
-22570
40246
-6840
27453
-34027
25192
-61419
10668
-52491
-28473
-19528
7982
41748
41855
-48392
-59546
-3913
32822
54540
14497
-35243
-29722
10722
-53122
39860
-16016
33546
28370
42042
-47214
-20806
-55400
57032
36354
36053
-51867
-13325
38634
22801
-12687
-53840
56403
59296
51908
34257
-63968
45492
-33657
21984
36031
44840
39870
59438
-19310
39877
35297
28675
9422
-11205
-4155
26208
31990
4445
8369
-6528
-34374
20502
33276
-59740
-31568
-43411
-60451
-39166
-58987
44587
59091
58175
26078
-38567
16158
-12763
59402
-7973
-17326
-23908
-42967
-56901
57896
30455
-4106
-10260
-18208
-36117
47314
43290
10485
-51061
-209
-20240
-57672
21352
349
-54122
46186
-5509
43594
41276
-11334
-5200
55838
-59177
46037
40369
-14020
-35290
-58411
7013
-28191
63485
-37404
31703
-10776
-2483
48716
-38334
-23194
-4800
-25395
29727
38960
-19066
-12922
-35562
-20059
-41607
22929
-40466
63669
-52406
18334
44636
-58453
-10501
21004
-8473
18209
26593
51669
54018
15206
-60607
10849
-59571
-9960
-4436
-44776
19975
54764
-6171
-14299
18853
38763
25909
47291
-56168
48302
6219
-32634
37099
17814
38829
17734
12490
-35673
-36134
-59984
35665
54459
44814
14811
5664
37336
-38340
-778
-36625
10353
18446
47351
-9754
-62596
-41820
-54902
40167
37218
56389
37129
21519
-1393
57624
-16253
-58451
32453
54610
18039
49909
-45524
11184
21574
-55066
-18874
-38487
3728
-45538
-12827
56079
-18163
50656
10525
-45684
-23099
11929
-23503
-14001
-22776
-50286
-21613
-49648
24363
30123
-56024
-55891
35673
29558
62719
-21160
4595
-57677
54025
-37832
-48742
-28850
-12318
8115
-10388
27984
193
24579
14639
-53283
42895
44669
11775
-55480
-44204
42129
-52636
-1817
45610
35727
-46565
42715
32965
42237
8272
20812
-42924
-51133
27136
-63771
-35836
31523
-28620
4975
-24363
14121
-41912
28959
-36172
25856
28806
59853
-4346
-23420
-59628
15450
-56163
-59135
-61238
53448
40592
-43803
32162
-1315
62434
-34437
-55374
-55362
-32441
24891
-55132
-4277
-7587
-30623
53828
21179
36627
-62956
-13863
-63545
16029
-49058
60308
-52318
-19348
53809
27133
-11511
47804
29895
-32935
24395
50092
63228
-51791
37654
-35210
-54036
35421
-3651
34855
33418
45201
-47604
-61206
24157
26704
39422
14330
-62031
29006
-33641
-47088
14442
-21959
-13307
-6621
-58827
28311
-22818
35068
59377
54707
21159
58604
-61085
-16059
-51478
-51121
-44638
-2000
36863
41909
-31671
53259
44704
56487
15962
9254
6816
17931
-25741
37175
23972
41830
-48784
63794
-28792
-54482
28105
12391
44587
12610
3097
-9126
7213
-4859
38816
8864
-2851
47307
-57137
-40860
14344
-24808
-51602
-4953
-43193
17489
57430
16753
-39452
-43183
-10073
37650
62647
-5728
26572
-41016
3791
-9324
35375
-26494
56415
-36400
28380
-11244
11870
-7676
61620
62148
-35241
57612
-42713
43104
-31196
-41186
-25850
-21260
29432
-43291
59493
43109
-22474
-25451
5887
-23827
21950
-31541
-843
-38260
12264
-40340
-11625
4679
-23611
-47245
57435
41388
9079
55055
39535
37839
48666
49951
6071
-57402
61894
33350
-14661
27325
54059
-30040
6433
-32415
8509
-51680
-3113
-33541
-30092
49173
-18672
46172
-55168
33704
-13150
-25650
50459
-19715
-48263
-15334
-39532
44401
-52367
62263
30351
17704
57991
28244
-12946
-31542
-19303
-22888
2418
51130
-2174
-53073
52579
58713
-33485
-52385
43885
11843
57788
41846
-29325
-30234
-58676
-53738
3180
-42939
-5071
27648
-62539
-4309
15040
20941
-50605
9030
-14816
-10422
41488
29881
30690
-20095
6140
-46355
-20039
-16153
-51643
-395
-4537
45372
-63423
-21621
12346
-28748
12145
6800
-18485
-48675
27861
29573
32102
18452
-49608
-16859
-24608
-47084
45300
13706
6494
22787
-31285
-37687
55822
27984
-20042
-39089
-52169
-18556
24517
-3577
-48056
25094
38802
17420
49475
-23925
-39781
-43882
-8600
52080
38820
-40498
-4340
53213
-4228
24182
-57872
-22928
-36984
1752
52988
-4269
28065
33938
-40285
61152
58850
-39325
-21405
8495
21098
-5460
-41283
-14972
-52041
-55809
25103
-27822
-46561
-58368
-50614
56259
-45737
-1824
34600
14035
-41643
29858
44236
-14627
-32391
22353
34233
59674
-7710
57948
56825
-23732
-56249
-28581
37892
17978
19088
60609
-60995
20176
57930
17238
45483
-52632
11999
47999
56756
30262
-17826
27356
-30575
-6340
-6787
-61210
32162
24822
25143
-8477
9624
-46568
-25400
2448
-17170
-17649
26996
-43279
-63671
-28787
-46670
56464
44518
-63612
-1170
26001
-63115
-53172
-872
46770
30219
34431
10125
52774
-35910
56467
55564
49381
6417
16706
-23097
-58831
23267
15503
-3254
-57904
50984
-51129
-37182
51313
-15916
-30723
32905
-46270
-41206
-43136
43731
-40321
-43179
-32013
-57552
51041
-61583
5703
28943
-44364
-12702
20506
-58984
46845
-37660
-28951
52014
49607
39681
-15240
55704
26664
-2369
-56350
3105
34844
-33944
-38861
52574
-22021
-17997
21434
1658
2824
53421
-2765
-10136
55839
56067
-56065
-52526
-20635
28441
-58380
-37791
54781
-34202
-60649
29517
-58522
-11889
10349
21272
49742
7128
-39624
20585
37184
-14485
-1712
-48838
20647
-44279
5949
-40529
-54859
56313
2464
-63021
48380
10400
-62417
-47127
-36031
60333
-31789
-45250
-37870
-28438
37396
-32392
12803
-16256
52880
-12327
54872
-61615
61388
17184
-22971
